16 16 0.0208078
16 1 0.021094
1 1 0.0242414
1 27 0.0201561
27 10 0.00384683
10 24 0.0142746
24 2 0.00405347
2 2 0.0809582
2 29 0.0159278
29 10 0.00556359
1 38 0.00252746
38 38 0.0051344
38 2 0.00259104
29 2 0.00739163
2 27 0.0124783
27 2 0.00459394
2 24 0.0152601
1 29 0.0180578
29 1 0.00894944
1 13 0.00894944
13 15 0.0111908
15 14 0.00613585
14 29 0.0067081
29 21 0.004737
21 2 0.000763007
2 5 0.000254336
5 5 0.000906071
5 27 0.00259104
27 5 0.000413295
5 1 0.00123989
1 2 0.012987
16 5 0.00152601
5 2 0.00109682
24 27 6.35839e-005
27 1 0.00653325
29 16 0.00937863
18 29 0.00209827
2 18 0.00222544
38 16 0.00500723
27 20 0.00146243
20 16 0.00190752
16 12 0.00329047
12 38 0.00357659
38 12 0.00114451
12 29 0.00155781
21 23 4.76879e-005
23 1 0.000111272
1 14 0.00206648
14 25 0.00371966
25 38 0.000604047
38 20 0.00155781
20 20 0.000826591
20 27 0.000635839
27 12 0.0043555
16 13 0.00953759
13 20 0.00031792
20 1 0.00453035
1 24 0.0334451
24 7 0.0105231
7 27 0.00343353
27 6 0.000254336
6 6 0.000953759
6 27 0.00187573
27 16 0.00934683
24 38 0.00941042
38 28 0.000524567
28 16 0.00135116
16 7 0.00613585
7 29 0.0035607
21 16 0.00187573
1 34 0.001987
34 13 0.00281359
1 16 0.00821822
27 21 0.00141474
21 18 0.000842487
18 1 0.0225564
16 2 0.00265463
16 37 0.00023844
37 13 1.5896e-005
38 17 0.000906071
17 1 0.00928325
21 24 0.00368787
24 1 0.0295983
34 14 0.000794799
14 33 0.00344943
33 17 0.000270232
24 18 0.00478469
1 12 0.0122876
12 15 0.00796388
17 3 7.94799e-005
3 25 0.000127168
25 3 0.000270232
3 3 0.000190752
3 28 9.53759e-005
28 33 7.94799e-005
33 16 0.000953759
38 18 0.00287717
18 16 0.00254336
13 22 0.000349711
22 16 0.000508671
18 17 0.000683527
15 29 0.000365607
1 20 0.00114451
1 33 0.000333816
24 16 0.0114292
16 29 0.000937863
13 14 0.0079003
14 22 0.00190752
22 20 0.00023844
20 12 0.000286128
12 34 0.000206648
34 15 0.000111272
15 33 0.00104913
33 32 4.76879e-005
32 16 9.53759e-005
2 1 0.00384683
18 38 0.000683527
16 25 0.00112861
25 16 0.00262284
29 20 0.00413295
12 12 0.0108093
12 27 0.00031792
7 34 0.0011922
34 12 0.00111272
12 25 0.000937863
25 2 0.0047529
24 12 0.000572255
1 18 0.00282948
18 2 0.00282948
10 18 0.000524567
18 18 0.00732805
10 10 0.00604047
10 25 0.00192341
25 18 0.001987
10 27 0.00540463
27 3 0.000460983
3 24 0.00112861
18 24 0.00131937
18 7 0.000874279
7 24 0.00651735
10 29 0.00252746
38 10 0.00187573
38 29 0.00130347
2 25 0.00430781
2 28 0.000492775
10 12 0.000206648
1 25 0.00295665
25 17 0.000588151
25 1 0.00322688
1 7 0.00179625
7 7 0.00416475
7 2 0.000302024
16 17 0.00154191
17 2 0.00112861
20 18 0.00108093
29 18 0.00942631
38 1 0.00488006
1 6 0.000254336
29 12 0.00343353
18 5 0.0043396
5 24 0.00154191
24 5 0.00336995
24 24 6.35839e-005
38 7 0.00166908
13 33 0.00116041
33 1 0.00122399
27 7 0.00441908
24 3 0.0027818
3 27 0.000826591
7 38 0.000969655
38 13 0.000921967
38 27 0.000953759
21 1 0.00561128
21 5 0.000349711
5 7 0.000381503
16 34 0.00190752
7 12 0.00368787
2 34 0.000127168
20 24 0.00114451
15 25 0.000572255
25 12 0.000127168
38 21 0.00163729
21 29 0.00488006
20 7 0.00104913
7 16 0.00225723
38 33 0.000143064
1 28 0.0011763
14 21 0.0027659
27 13 0.00247977
13 29 0.00723267
27 18 0.00648556
13 24 0.00246388
5 16 0.00123989
16 18 0.00333816
18 6 0.000127168
28 20 0.000302024
38 0 3.1792e-005
0 12 6.35839e-005
12 14 0.00332226
12 24 0.00297255
16 38 0.000985551
7 1 0.00139885
16 14 0.00268642
25 20 0.00100145
38 6 0.000206648
21 12 0.000413295
38 25 7.94799e-005
15 10 0.000302024
29 7 0.00351301
15 1 0.00031792
29 13 0.00745521
22 29 0.000731215
28 7 0.000349711
12 33 0.000921967
33 2 0.00114451
33 10 0.000604047
27 33 9.53759e-005
33 21 0.00214596
3 34 0.000333816
7 21 0.000222544
21 13 0.000302024
5 29 0.000635839
24 13 0.00131937
20 5 0.00015896
38 5 0.000286128
5 20 0.000619943
20 2 0.000397399
29 3 0.000731215
3 16 0.000747111
38 3 0.000254336
3 14 0.000858383
5 17 0.000445087
7 13 0.00645377
2 12 0.000778903
21 38 0.00163729
13 38 0.00123989
3 13 0.000794799
6 13 0.000111272
16 6 0.000429191
15 13 0.000111272
20 13 0.000333816
18 12 0.000588151
21 27 0.000413295
27 17 0.00133526
27 22 0.00031792
22 38 0.000190752
28 29 6.35839e-005
14 16 0.000445087
21 28 0.000333816
28 3 0.000190752
25 21 0.00133526
1 22 0.000349711
22 18 0.000286128
27 29 0.000381503
13 16 0.000445087
38 22 6.35839e-005
22 7 0.000174856
15 18 0.00015896
38 23 3.1792e-005
23 5 1.5896e-005
14 20 0.000890175
20 10 0.000508671
13 27 0.000397399
29 22 0.000572255
22 1 0.00103324
13 13 0.000906071
13 10 0.000174856
13 25 0.000890175
14 1 0.00108093
1 10 0.00222544
13 2 0.00023844
27 28 0.000778903
28 10 0.000190752
27 38 0.000826591
29 38 0.00136705
2 16 0.00181214
16 28 0.000778903
28 13 0.000508671
20 29 0.00300434
7 14 0.000715319
14 18 0.000429191
14 2 0.00151012
20 38 0.000731215
1 3 0.000270232
20 22 0.000127168
29 5 0.00144653
28 38 0.000111272
34 2 9.53759e-005
29 28 0.000651735
29 17 0.00152601
5 38 0.000429191
12 16 0.000651735
24 17 0.00127168
7 10 0.000333816
2 13 0.000508671
5 21 0.000763007
29 33 0.000286128
16 33 0.000111272
7 25 0.000778903
1 17 0.000969655
33 33 0.000222544
5 28 0.000206648
28 27 3.1792e-005
5 10 0.00123989
38 24 0.000174856
17 16 0.000635839
7 20 9.53759e-005
25 7 0.000492775
12 21 0.000302024
34 25 3.1792e-005
10 16 0.000460983
33 38 0.000222544
17 10 6.35839e-005
10 2 0.00232081
15 21 0.000365607
10 38 0.000254336
2 33 6.35839e-005
15 7 4.76879e-005
1 5 0.000524567
5 18 0.000985551
5 13 0.000302024
14 5 0.000190752
10 1 0.00292486
12 7 6.35839e-005
16 3 0.00101734
16 10 0.000715319
10 7 0.000174856
17 6 0.000397399
21 3 0.000842487
5 15 1.5896e-005
15 2 0.000540463
21 7 0.000699423
13 1 0.000254336
17 17 0.000460983
21 21 0.000397399
1 21 0.00111272
22 24 0.00101734
24 6 0.000619943
6 2 3.1792e-005
5 25 4.76879e-005
16 36 1.5896e-005
36 21 1.5896e-005
15 15 0.000143064
22 27 0.000508671
22 3 0.000222544
3 37 1.5896e-005
37 12 7.94799e-005
12 13 0.000540463
33 18 0.000635839
20 3 0.000651735
16 22 7.94799e-005
22 14 3.1792e-005
33 20 0.00146243
28 12 0.000492775
28 34 0.00015896
24 21 0.000397399
21 17 0.000397399
17 7 0.000667631
10 13 0.000731215
5 12 0.000190752
17 15 1.5896e-005
38 14 0.000127168
14 32 1.5896e-005
32 38 1.5896e-005
16 24 0.00131937
16 27 0.000635839
28 1 0.000985551
37 1 0.000302024
13 32 3.1792e-005
32 1 0.000222544
24 20 0.000206648
12 18 0.00023844
18 25 0.00178035
2 17 0.000397399
28 17 9.53759e-005
20 6 0.000190752
14 10 0.000540463
24 37 0.000270232
37 10 7.94799e-005
14 38 0.000906071
22 17 0.000111272
17 38 0.000302024
28 21 0.00023844
7 18 0.000254336
21 10 0.000492775
37 17 3.1792e-005
16 21 0.000667631
21 6 0.000174856
6 24 0.000667631
16 20 0.000476879
3 2 9.53759e-005
7 5 0.000127168
20 8 1.5896e-005
8 8 3.1792e-005
8 38 1.5896e-005
15 16 0.000143064
29 34 0.000127168
10 34 4.76879e-005
24 10 0.00031792
2 22 0.000381503
3 12 0.000810695
2 6 0.000111272
29 6 0.000349711
24 28 0.00023844
34 29 7.94799e-005
25 10 0.00249567
10 33 4.76879e-005
18 28 0.000206648
34 16 0.00023844
28 18 0.000254336
28 25 3.1792e-005
28 5 6.35839e-005
22 21 6.35839e-005
24 33 1.5896e-005
12 32 3.1792e-005
25 34 7.94799e-005
34 28 6.35839e-005
2 10 0.00246388
3 1 0.00031792
13 5 0.000127168
12 2 0.000270232
22 2 0.000254336
24 14 0.000143064
38 34 0.000111272
25 33 0.000111272
24 22 0.000174856
20 33 6.35839e-005
22 10 0.000143064
25 6 0.00015896
12 17 6.35839e-005
15 38 0.000190752
33 5 0.000254336
6 10 0.00015896
27 32 7.94799e-005
32 7 6.35839e-005
10 28 1.5896e-005
21 20 0.000413295
6 29 0.000413295
18 19 4.76879e-005
12 22 0.000429191
12 28 6.35839e-005
13 21 0.000476879
2 20 0.000476879
16 4 3.1792e-005
4 24 3.1792e-005
24 4 0.000143064
4 27 7.94799e-005
20 28 0.000127168
17 5 9.53759e-005
17 25 0.000174856
10 17 6.35839e-005
33 34 0.000111272
7 17 0.000206648
15 17 7.94799e-005
33 22 7.94799e-005
13 34 7.94799e-005
2 37 6.35839e-005
28 2 0.000270232
15 20 0.000206648
2 7 0.000365607
22 37 6.35839e-005
37 7 7.94799e-005
27 25 4.76879e-005
24 25 3.1792e-005
17 18 0.000174856
17 27 3.1792e-005
7 32 4.76879e-005
32 13 0.000174856
6 12 0.000127168
2 38 0.000921967
25 13 0.000222544
3 29 0.00152601
17 14 4.76879e-005
14 7 9.53759e-005
18 27 0.000381503
34 20 9.53759e-005
20 17 0.000445087
21 37 0.000206648
37 21 6.35839e-005
2 3 9.53759e-005
6 16 0.00015896
17 13 0.000127168
29 4 3.1792e-005
16 0 1.5896e-005
0 16 4.76879e-005
6 25 0.000174856
17 21 1.5896e-005
13 28 0.000190752
22 13 9.53759e-005
1 32 0.00015896
32 22 1.5896e-005
22 5 9.53759e-005
27 34 0.000190752
37 3 3.1792e-005
18 34 6.35839e-005
18 10 7.94799e-005
21 25 1.5896e-005
10 6 4.76879e-005
14 13 3.1792e-005
5 33 3.1792e-005
15 22 0.000190752
25 5 0.000254336
12 20 0.000190752
4 13 3.1792e-005
21 34 7.94799e-005
32 10 1.5896e-005
7 3 6.35839e-005
12 3 3.1792e-005
37 16 0.000174856
15 24 6.35839e-005
7 22 4.76879e-005
20 21 0.000429191
2 21 0.000270232
28 24 1.5896e-005
29 29 4.76879e-005
14 17 0.000127168
14 24 3.1792e-005
10 3 3.1792e-005
18 3 0.000111272
12 10 4.76879e-005
27 24 1.5896e-005
12 1 0.00015896
13 12 0.000174856
18 21 3.1792e-005
18 22 1.5896e-005
3 6 3.1792e-005
3 38 6.35839e-005
28 6 4.76879e-005
6 1 4.76879e-005
7 28 0.000190752
25 14 1.5896e-005
29 14 7.94799e-005
33 6 3.1792e-005
14 0 1.5896e-005
0 29 3.1792e-005
3 17 6.35839e-005
3 10 0.000127168
27 14 0.000286128
5 6 0.000111272
13 7 9.53759e-005
28 37 3.1792e-005
37 24 6.35839e-005
21 32 7.94799e-005
37 18 3.1792e-005
22 12 4.76879e-005
33 13 9.53759e-005
14 3 4.76879e-005
23 13 3.1792e-005
1 37 6.35839e-005
34 33 4.76879e-005
28 4 3.1792e-005
23 14 4.76879e-005
20 32 6.35839e-005
3 21 9.53759e-005
21 14 0.000143064
33 3 6.35839e-005
27 0 6.35839e-005
0 1 4.76879e-005
1 23 6.35839e-005
2 23 1.5896e-005
32 20 7.94799e-005
24 32 6.35839e-005
7 15 3.1792e-005
15 27 4.76879e-005
7 6 4.76879e-005
6 34 1.5896e-005
10 32 1.5896e-005
32 34 3.1792e-005
17 34 3.1792e-005
34 34 1.5896e-005
34 1 6.35839e-005
38 32 6.35839e-005
28 14 4.76879e-005
10 20 4.76879e-005
29 25 0.000206648
34 18 1.5896e-005
25 32 4.76879e-005
5 0 1.5896e-005
18 37 1.5896e-005
37 14 3.1792e-005
3 18 0.000127168
29 32 0.000111272
34 7 3.1792e-005
6 21 1.5896e-005
25 22 0.000143064
12 5 6.35839e-005
17 12 7.94799e-005
27 27 4.76879e-005
29 23 9.53759e-005
32 32 6.35839e-005
33 7 9.53759e-005
5 3 4.76879e-005
22 6 1.5896e-005
15 5 0.000111272
18 14 4.76879e-005
17 24 0.000111272
2 14 0.000127168
13 18 0.000174856
18 13 9.53759e-005
13 3 3.1792e-005
37 33 1.5896e-005
33 12 0.000111272
7 33 6.35839e-005
0 0 3.1792e-005
0 24 3.1792e-005
18 0 1.5896e-005
29 0 3.1792e-005
0 28 1.5896e-005
20 23 1.5896e-005
23 32 1.5896e-005
32 21 7.94799e-005
33 14 3.1792e-005
10 37 4.76879e-005
12 6 4.76879e-005
18 33 6.35839e-005
34 17 1.5896e-005
1 9 1.5896e-005
9 27 1.5896e-005
10 5 3.1792e-005
10 36 1.5896e-005
36 16 1.5896e-005
3 7 7.94799e-005
23 23 3.1792e-005
23 17 1.5896e-005
15 12 3.1792e-005
24 8 1.5896e-005
8 29 1.5896e-005
28 32 1.5896e-005
37 20 4.76879e-005
23 27 1.5896e-005
25 23 3.1792e-005
10 21 1.5896e-005
6 7 3.1792e-005
22 25 1.5896e-005
13 36 1.5896e-005
36 38 3.1792e-005
14 36 1.5896e-005
32 14 6.35839e-005
32 12 1.5896e-005
23 37 3.1792e-005
27 23 1.5896e-005
16 32 1.5896e-005
6 38 7.94799e-005
4 29 3.1792e-005
6 18 4.76879e-005
4 34 3.1792e-005
14 27 7.94799e-005
32 17 1.5896e-005
14 28 3.1792e-005
4 16 1.5896e-005
19 24 3.1792e-005
29 19 1.5896e-005
19 16 3.1792e-005
21 22 6.35839e-005
14 34 3.1792e-005
34 21 1.5896e-005
34 38 3.1792e-005
20 25 1.5896e-005
25 37 1.5896e-005
28 22 1.5896e-005
13 17 3.1792e-005
4 1 3.1792e-005
2 32 1.5896e-005
12 0 1.5896e-005
0 18 1.5896e-005
14 14 6.35839e-005
5 34 1.5896e-005
24 0 3.1792e-005
14 6 3.1792e-005
22 4 1.5896e-005
15 34 1.5896e-005
34 10 1.5896e-005
3 20 4.76879e-005
3 5 1.5896e-005
5 22 4.76879e-005
16 8 1.5896e-005
8 13 1.5896e-005
24 34 4.76879e-005
6 14 1.5896e-005
25 28 1.5896e-005
28 15 1.5896e-005
15 0 1.5896e-005
0 2 1.5896e-005
14 15 1.5896e-005
32 24 1.5896e-005
34 3 3.1792e-005
5 14 1.5896e-005
22 0 1.5896e-005
0 25 1.5896e-005
0 38 1.5896e-005
32 37 1.5896e-005
16 15 1.5896e-005
15 6 1.5896e-005
38 19 1.5896e-005
3 22 1.5896e-005
20 34 6.35839e-005
6 20 1.5896e-005
20 4 1.5896e-005
7 0 1.5896e-005
0 33 1.5896e-005
29 27 3.1792e-005
4 12 1.5896e-005
38 4 1.5896e-005
21 4 1.5896e-005
10 14 1.5896e-005
17 29 3.1792e-005
16 23 1.5896e-005
23 29 1.5896e-005
21 33 3.1792e-005
32 2 1.5896e-005
21 30 1.5896e-005
30 29 1.5896e-005
33 28 1.5896e-005
14 37 1.5896e-005
37 37 1.5896e-005
1 15 1.5896e-005
14 12 1.5896e-005
25 29 1.5896e-005
23 24 1.5896e-005
